[gd_scene load_steps=11 format=3 uid="uid://0dhe3gjbitcc"]

[ext_resource type="PackedScene" uid="uid://b8s3n8yb106ff" path="res://environment/rock_boulder.tscn" id="1_316k8"]
[ext_resource type="PackedScene" uid="uid://cbi1yylc50bjl" path="res://environment/rock_cliff.tscn" id="2_ufsoc"]
[ext_resource type="PackedScene" uid="uid://cusebhuhlu1yd" path="res://environment/rock_pillar.tscn" id="3_otspo"]
[ext_resource type="PackedScene" uid="uid://xcc2qxswssvn" path="res://environment/sand.tscn" id="4_uqlee"]
[ext_resource type="PackedScene" uid="uid://bosesbvnakx3t" path="res://characters/player/player.tscn" id="5_l8cp7"]
[ext_resource type="PackedScene" uid="uid://dixf6yuoptk1r" path="res://effects/bullet_hit_effect.tscn" id="6_dwbse"]
[ext_resource type="PackedScene" uid="uid://cxoshik85qxu1" path="res://blender/abyss_j.blend" id="7_pkg7o"]

[sub_resource type="ProceduralSkyMaterial" id="ProceduralSkyMaterial_gjlv8"]

[sub_resource type="Sky" id="Sky_0g27o"]
sky_material = SubResource("ProceduralSkyMaterial_gjlv8")

[sub_resource type="Environment" id="Environment_hojj7"]
background_mode = 2
sky = SubResource("Sky_0g27o")

[node name="World" type="Node3D"]

[node name="Environment" type="Node3D" parent="."]

[node name="RockBoulder" parent="Environment" instance=ExtResource("1_316k8")]
transform = Transform3D(1, 0, 0, 0, 1, 0, 0, 0, 1, 26.6225, 0, -27.4705)

[node name="RockBoulder2" parent="Environment" instance=ExtResource("1_316k8")]
transform = Transform3D(0.761449, -0.634378, -0.133266, 0.576797, 0.569256, 0.585877, -0.295805, -0.522983, 0.799367, 15.0537, 1.83893, -32.0701)

[node name="RockBoulder3" parent="Environment" instance=ExtResource("1_316k8")]
transform = Transform3D(0.286009, -0.846916, -0.448254, 0.957052, 0.229315, 0.17739, -0.047443, -0.479738, 0.876129, 18.5789, 0.818082, -16.9645)

[node name="RockCliff" parent="Environment" instance=ExtResource("2_ufsoc")]
transform = Transform3D(1, 0, 0, 0, 1, 0, 0, 0, 1, -2.35596, -7.62939e-06, 9.25215)

[node name="RockCliff2" parent="Environment" instance=ExtResource("2_ufsoc")]
transform = Transform3D(-0.0621111, 0, -0.998069, 0, 1, 0, 0.998069, 0, -0.0621111, 69.491, -7.62939e-06, -49.7616)

[node name="RockPillar" parent="Environment" instance=ExtResource("3_otspo")]
transform = Transform3D(1, 0, 0, 0, 1, 0, 0, 0, 1, 31.3923, 0, 11.4116)

[node name="RockPillar2" parent="Environment" instance=ExtResource("3_otspo")]
transform = Transform3D(0.504362, 0, 0.863492, 0, 1, 0, -0.863492, 0, 0.504362, 51.0976, 0, 22.3614)

[node name="RockPillar3" parent="Environment" instance=ExtResource("3_otspo")]
transform = Transform3D(0.504362, 0, 0.863492, 0, 1, 0, -0.863492, 0, 0.504362, 56.14, 0, -10.5378)

[node name="RockPillar4" parent="Environment" instance=ExtResource("3_otspo")]
transform = Transform3D(0.504362, 0, 0.863492, 0, 1, 0, -0.863492, 0, 0.504362, 0.434204, 0, -39.3163)

[node name="Sand" parent="Environment" instance=ExtResource("4_uqlee")]

[node name="Sand2" parent="Environment" instance=ExtResource("4_uqlee")]
transform = Transform3D(1, 0, 0, 0, 1, 0, 0, 0, 1, 0, 0, 20)

[node name="Sand3" parent="Environment" instance=ExtResource("4_uqlee")]
transform = Transform3D(1, 0, 0, 0, 1, 0, 0, 0, 1, 20, 0, 20)

[node name="Sand4" parent="Environment" instance=ExtResource("4_uqlee")]
transform = Transform3D(-4.37114e-08, 0, 1, 0, 1, 0, -1, 0, -4.37114e-08, 20, 0, 0)

[node name="Sand5" parent="Environment" instance=ExtResource("4_uqlee")]
transform = Transform3D(-8.74228e-08, 0, 2, 0, 2, 0, -2, 0, -8.74228e-08, 10, 0, -30)

[node name="Sand6" parent="Environment" instance=ExtResource("4_uqlee")]
transform = Transform3D(-8.74228e-08, 0, 2, 0, 2, 0, -2, 0, -8.74228e-08, 50, 0, -30)

[node name="Sand7" parent="Environment" instance=ExtResource("4_uqlee")]
transform = Transform3D(-8.74228e-08, 0, 2, 0, 2, 0, -2, 0, -8.74228e-08, 50, 0, 10)

[node name="WorldEnvironment" type="WorldEnvironment" parent="."]
environment = SubResource("Environment_hojj7")

[node name="DirectionalLight3D" type="DirectionalLight3D" parent="WorldEnvironment"]
transform = Transform3D(-0.812182, 0.393664, -0.430568, 0.00311782, 0.740945, 0.671558, 0.583395, 0.544085, -0.60301, 0, 38.2371, 0)
shadow_enabled = true

[node name="Player" parent="." instance=ExtResource("5_l8cp7")]
transform = Transform3D(1, 0, 0, 0, 1, 0, 0, 0, 1, 30, 0, 0)

[node name="BulletHitEffect" parent="." instance=ExtResource("6_dwbse")]
transform = Transform3D(1, 0, 0, 0, 1, 0, 0, 0, 1, 24.9144, 2.58258, -7.82841)

[node name="Label" type="Label" parent="."]
offset_right = 40.0
offset_bottom = 23.0
text = "damn"

[node name="abyss_j" parent="." instance=ExtResource("7_pkg7o")]
transform = Transform3D(6.99, 0, 0, 0, 6.61231, 2.26661, 0, -2.26661, 6.61231, 24.2252, -5.14191, -60.6916)
